            'Height': [[10.0, 50.0, 125.0, 250.0],
                       [20.0, 50.0, 85.0],
                       [12.0],
                       [47.0,84.0],
                       [16.8, 67.2, 125.0],
                       [57.0],
                       [10.0, 50.0, 120.0],
                       [10.0],
                       [6.0],
                       [15.0, 60.0, 100.0],
                       [5.0, 50.0, 100.0, 180.0],
                       [30.0, 60.0, 132.0, 216.0, 341.0],
                       [110.0],
                       [50.0, 93.0, 131.0],
                       [50.0, 80.0, 120.0],
                       [30.0, 60.0, 100.0, 200.0],
                       [2.5, 10.0, 40.0, 98.0],
                       [23.0, 90.0, 163.0],
                       [12.0, 35.0],
                       [32.0, 82.0, 127.0, 187.0, 252.0],
                       [10.0, 76.0, 110.0, 147.0],
                       [14.0],
                       [3.0],
                       [8.0],
                       [40.0, 60.0, 100.0],
                       [8.0],
                       [10.0],
                       [27.0, 67.0, 127.0, 207.0],
                       [60.0],
                       [15.0, 50.0, 75.0],
                       [15.0],
                       [29.0],
                       [30.0, 70.0, 150.0],
                       [32.0, 58.0, 100.0],
                       [35.0, 85.0, 150.0],
                       [13.9],
                       [45.0, 90.0],
                       [10.0],